time, volts 
-73.2189 , 2.69936
-73.0283 , 12.6994
-72.6298 , 24.6994
-72.4635 , 17.6994
-72.0449 , -8.30064
-71.8512 , -2.30064
-71.4419 , 14.6994
-71.2468 , 12.6994
-70.8273 , 15.6994
-70.6236 , 12.6994
-70.2351 , -28.3006
-70.0531 , -7.30064
-69.6835 , 15.6994
-69.4242 , 22.6994
-69.0165 , 16.6994
-68.8029 , -4.30064
-68.3674 , -26.3006
-68.1563 , -10.3006
-67.7679 , 14.6994
-67.5768 , 9.69936
-67.207 , 7.69936
-66.9562 , 6.69936
-66.5441 , 9.69936
-66.3126 , 11.6994
-65.8951 , -5.30064
-65.6544 , -5.30064
-65.232 , 14.6994
-64.9981 , 23.6994
-64.5826 , -12.3006
-64.3375 , -31.3006
-63.9158 , -26.3006
-63.7092 , -8.30064
-63.3051 , 9.69936
-63.0501 , 10.6994
-62.6512 , 10.6994
-62.4472 , 14.6994
-62.0492 , 13.6994
-61.7872 , 11.6994
-61.3927 , 6.69936
-61.1658 , -1.30064
-60.7547 , -20.3006
-60.4934 , -13.3006
-60.108 , -21.3006
-59.8207 , -12.3006
-59.3878 , 4.69936
-59.1182 , 7.69936
-58.7172 , -1.30064
-58.4787 , -1.30064
-58.0816 , 14.6994
-57.8351 , 27.6994
-57.3918 , 29.6994
-57.1342 , 14.6994
-56.6826 , -0.300635
-56.4165 , 1.69936
-55.9642 , 1.69936
-55.7336 , 4.69936
-55.3101 , -16.3006
-55.0416 , -20.3006
-54.6279 , -10.3006
-54.3564 , 4.69936
-53.9543 , 13.6994
-53.7585 , 14.6994
-53.3344 , 25.6994
-53.0981 , 21.6994
-52.6822 , -11.3006
-52.3849 , -20.3006
-51.9468 , -15.3006
-51.6521 , 4.69936
-51.2183 , 13.6994
-50.9546 , 12.6994
-50.5796 , 12.6994
-50.3081 , 15.6994
-49.8892 , 14.6994
-49.6209 , 12.6994
-49.2118 , -1.30064
-48.9589 , -3.30064
-48.5415 , -17.3006
-48.3142 , -22.3006
-47.9201 , -21.3006
-47.6617 , 11.6994
-47.2215 , 20.6994
-47 , 19.6994
-46.596 , 7.69936
-46.3478 , 1.69936
-45.957 , 3.69936
-45.6847 , 9.69936
-45.2726 , 4.69936
-45.0344 , 5.69936
-44.6125 , -0.300635
-44.3774 , -3.30064
-43.9996 , -2.30064
-43.7667 , 18.6994
-43.3317 , 21.6994
-43.1126 , 20.6994
-42.6753 , 2.69936
-42.4806 , -32.3006
-42.0685 , -15.3006
-41.8522 , -9.30064
-41.4742 , -9.30064
-41.284 , -3.30064
-40.8539 , 5.69936
-40.6084 , 18.6994
-40.1563 , 7.69936
-39.9676 , 10.6994
-39.5307 , 13.6994
-39.3166 , 7.69936
-38.9233 , -6.30064
-38.7232 , -11.3006
-38.2839 , -12.3006
-38.0743 , -0.300635
-37.6787 , 18.6994
-37.476 , 13.6994
-37.0629 , 0.699365
-36.897 , -6.30064
-36.5473 , -12.3006
-36.3466 , -6.30064
-35.9695 , 18.6994
-35.7359 , 23.6994
-35.3644 , 31.6994
-35.1487 , 10.6994
-34.7274 , -10.3006
-34.5278 , -14.3006
-34.1801 , -14.3006
-33.953 , -5.30064
-33.8306 , -0.300635
-33.6401 , 1.69936
-33.2189 , -5.30064
-33.0283 , -2.30064
-32.6298 , -5.30064
-32.4635 , 6.69936
-32.0449 , 25.6994
-31.8512 , 17.6994
-31.4419 , 8.69936
-31.2468 , -3.30064
-30.8273 , -26.3006
-30.6236 , -16.3006
-30.2351 , -19.3006
-30.0531 , -13.3006
-29.6835 , -0.300635
-29.4242 , 16.6994
-29.0165 , 43.6994
-28.8029 , 33.6994
-28.3674 , 6.69936
-28.1563 , 11.6994
-27.7679 , 3.69936
-27.5768 , 0.699365
-27.207 , 2.69936
-26.9562 , -3.30064
-26.5441 , -23.3006
-26.3126 , -37.3006
-25.8951 , -27.3006
-25.6544 , -15.3006
-25.232 , 19.6994
-24.9981 , 26.6994
-24.5826 , 21.6994
-24.3375 , 17.6994
-23.9158 , -7.30064
-23.7092 , -9.30064
-23.3051 , -1.30064
-23.0501 , 12.6994
-22.6512 , 16.6994
-22.4472 , 9.69936
-22.0492 , -25.3006
-21.7872 , -23.3006
-21.3927 , -22.3006
-21.1658 , -15.3006
-20.7547 , -0.300635
-20.4934 , -0.300635
-20.108 , 7.69936
-19.8207 , 5.69936
-19.3878 , 16.6994
-19.1182 , 15.6994
-18.7172 , 13.6994
-18.4787 , 5.69936
-18.0816 , -2.30064
-17.8351 , -8.30064
-17.3918 , -40.3006
-17.1342 , -41.3006
-16.6826 , -7.30064
-16.4165 , 6.69936
-15.9642 , 9.69936
-15.7336 , 10.6994
-15.3101 , 20.6994
-15.0416 , 15.6994
-14.6279 , 5.69936
-14.3564 , -15.3006
-13.9543 , -30.3006
-13.7585 , -15.3006
-13.3344 , 6.69936
-13.0981 , 1.69936
-12.6822 , -2.30064
-12.3849 , 20.6994
-11.9468 , 35.6994
-11.6521 , -0.300635
-11.2183 , -58.3006
-10.9546 , -26.3006
-10.5796 , 14.6994
-10.3081 , 21.6994
-9.8892 , 17.6994
-9.62086 , 14.6994
-9.21179 , 1.69936
-8.95891 , 8.69936
-8.54145 , 26.6994
-8.31423 , 18.6994
-7.92011 , -18.3006
-7.66168 , -44.3006
-7.22149 , -25.3006
-7.00003 , -3.30064
-6.59601 , 6.69936
-6.34778 , -1.30064
-5.95699 , 6.69936
-5.68471 , 17.6994
-5.27261 , 22.6994
-5.03438 , 17.6994
-4.61248 , 6.69936
-4.37738 , 8.69936
-3.99962 , -8.30064
-3.76675 , -8.30064
-3.33171 , -17.3006
-3.11258 , -15.3006
-2.67532 , -10.3006
-2.48063 , -11.3006
-2.06853 , 14.6994
-1.85222 , 12.6994
-1.47416 , 8.69936
-1.28402 , 8.69936
-0.853938 , 0.699365
-0.608434 , 11.6994
-0.156322 , 5.69936
0.0324026 , 5.69936
0.469259 , -1.30064
0.683443 , -6.30064
1.07665 , 3.69936
1.2768 , 7.69936
1.71608 , 6.69936
1.92571 , 0.699365
2.32135 , -21.3006
2.52402 , -30.3006
2.93713 , -14.3006
3.10302 , -17.3006
3.45269 , -8.30064
3.65344 , -5.30064
4.03048 , 4.69936
4.26407 , 6.69936
4.63555 , 6.69936
4.85125 , 4.69936
5.27255 , 22.6994
5.47219 , 7.69936
5.81994 , 0.699365
6.04695 , -0.300635
6.1694 , -5.30064
6.35988 , 7.69936
6.7811 , 32.6994
6.97171 , 34.6994
7.37024 , 6.69936
7.53645 , -6.30064
7.95506 , -94.3006
8.14882 , -44.3006
8.55807 , -25.3006
8.75324 , -13.3006
9.1727 , -7.30064
9.37639 , 3.69936
9.76486 , 26.6994
9.94692 , 34.6994
10.3165 , 37.6994
10.5758 , 24.6994
10.9835 , -2.30064
11.1971 , -0.300635
11.6326 , -20.3006
11.8437 , -20.3006
12.2321 , -36.3006
12.4232 , -45.3006
12.793 , -25.3006
13.0438 , 7.69936
13.4559 , 37.6994
13.6874 , 51.6994
14.1049 , 48.6994
14.3456 , 19.6994
14.768 , -40.3006
15.0019 , -56.3006
15.4174 , -92.3006
15.6625 , -66.3006
16.0842 , -71.3006
16.2908 , -42.3006
16.6949 , 8.69936
16.9499 , 29.6994
17.3488 , 40.6994
17.5528 , 51.6994
17.9508 , 31.6994
18.2128 , 28.6994
18.6073 , 5.69936
18.8342 , -1.30064
19.2453 , -44.3006
19.5066 , -40.3006
19.892 , -59.3006
20.1793 , -60.3006
20.6122 , -32.3006
20.8818 , -7.30064
21.2828 , 20.6994
21.5213 , 15.6994
21.9184 , 4.69936
22.1649 , 3.69936
22.6082 , 2.69936
22.8658 , -1.30064
23.3174 , 8.69936
23.5835 , 14.6994
24.0358 , 6.69936
24.2664 , 0.699365
24.6899 , -4.30064
24.9584 , -0.300635
25.3721 , 2.69936
25.6436 , 4.69936
26.0457 , -19.3006
26.2415 , -29.3006
26.6656 , -85.3006
26.9019 , -76.3006
27.3178 , -9.30064
27.6151 , 18.6994
28.0532 , 11.6994
28.3479 , 5.69936
28.7817 , 17.6994
29.0454 , 28.6994
29.4204 , 41.6994
29.6919 , 27.6994
30.1108 , 2.69936
30.3791 , -6.30064
30.7882 , -13.3006
31.0411 , -7.30064
31.4585 , -14.3006
31.6858 , -22.3006
32.0799 , -46.3006
32.3383 , -43.3006
32.7785 , -60.3006
33 , -39.3006
33.404 , 12.6994
33.6522 , 32.6994
34.043 , 55.6994
34.3153 , 34.6994
34.7274 , 3.69936
34.9656 , 2.69936
35.3875 , -6.30064
35.6226 , -14.3006
36.0004 , -23.3006
36.2333 , -5.30064
36.6683 , 10.6994
36.8874 , 0.699365
37.3247 , 2.69936
37.5194 , -4.30064
37.9315 , -3.30064
38.1478 , -2.30064
38.5258 , -14.3006
38.716 , -4.30064
39.1461 , -12.3006
39.3916 , -12.3006
39.8437 , -51.3006
40.0324 , -94.3006
40.4693 , -0.300635
40.6834 , 70.6994
41.0767 , 226.699
41.2768 , 262.699
41.7161 , 130.699
41.9257 , -120.301
42.3213 , -507.301
42.524 , -548.301
42.9371 , -216.301
43.103 , -114.301
43.4527 , 333.699
43.6534 , 422.699
44.0305 , 559.699
44.2641 , 637.699
44.6356 , 508.699
44.8513 , 446.699
45.2726 , 37.6994
45.4722 , -322.301
45.8199 , -600.301
46.047 , -656.301
46.1694 , -694.301
46.3599 , -478.301
46.7811 , -78.3006
46.9717 , 25.6994
47.3702 , 496.699
47.5365 , 674.699
47.9551 , 794.699
48.1488 , 715.699
48.5581 , 663.699
48.7532 , 420.699
49.1727 , -196.301
49.3764 , -529.301
49.7649 , -685.301
49.9469 , -652.301
50.3165 , -429.301
50.5758 , -281.301
50.9835 , -23.3006
51.1971 , 30.6994
51.6326 , 68.6994
51.8437 , 84.6994
52.2321 , 50.6994
52.4232 , 50.6994
52.793 , 135.699
53.0438 , 227.699
53.4559 , 241.699
53.6874 , 189.699
54.1049 , 38.6994
54.3456 , -4.30064
54.768 , -136.301
55.0019 , -140.301
55.4174 , -194.301
55.6625 , -213.301
56.0842 , -259.301
56.2908 , -229.301
56.6949 , -127.301
56.9499 , -39.3006
57.3488 , 7.69936
57.5528 , 25.6994
57.9508 , 64.6994
58.2128 , 100.699
58.6073 , 116.699
58.8342 , 133.699
59.2453 , 96.6994
59.5066 , 60.6994
59.892 , 14.6994
60.1793 , -9.30064
60.6122 , -88.3006
60.8818 , -89.3006
61.2828 , -118.301
61.5213 , -113.301
61.9184 , -128.301
62.1649 , -114.301
62.6082 , -84.3006
62.8658 , -72.3006
63.3174 , -9.30064
63.5835 , -3.30064
64.0358 , -17.3006
64.2664 , -9.30064
64.6899 , 18.6994
64.9584 , 38.6994
65.3721 , 64.6994
65.6436 , 83.6994
66.0457 , 64.6994
66.2415 , 62.6994
66.6656 , 107.699
66.9019 , 76.6994
67.3178 , -31.3006
67.6151 , -111.301
68.0532 , -193.301
68.3479 , -158.301
68.7817 , -192.301
69.0454 , -178.301
69.4204 , -138.301
69.6919 , -122.301
70.1108 , -67.3006
70.3791 , -25.3006
70.7882 , 70.6994
71.0411 , 118.699
71.4585 , 157.699
71.6858 , 162.699
72.0799 , 163.699
72.3383 , 158.699
72.7785 , 70.6994
73 , 77.6994
73.404 , 32.6994
73.6522 , -49.3006
74.043 , -166.301
74.3153 , -196.301
74.7274 , -186.301
74.9656 , -216.301
75.3875 , -218.301
75.6226 , -172.301
76.0004 , -70.3006
76.2333 , -24.3006
76.6683 , 36.6994
76.8874 , 68.6994
77.3247 , 126.699
77.5194 , 130.699
77.9315 , 128.699
78.1478 , 119.699
78.5258 , 96.6994
78.716 , 87.6994
79.1461 , 44.6994
79.3916 , 30.6994
79.8437 , -36.3006
80.0324 , -109.301
80.4693 , -155.301
80.6834 , -155.301
81.0767 , -151.301
81.2768 , -145.301
81.7161 , -129.301
81.9257 , -97.3006
82.3213 , -24.3006
82.524 , -16.3006
82.9371 , 5.69936
83.103 , 20.6994
83.4527 , 47.6994
83.6534 , 52.6994
84.0305 , 68.6994
84.2641 , 68.6994
84.6356 , 84.6994
84.8513 , 79.6994
85.2726 , 76.6994
85.4722 , 70.6994
85.8199 , 58.6994
86.047 , 28.6994
86.1694 , -6.30064
86.3599 , -6.30064
86.7811 , -39.3006
86.9717 , -41.3006
87.3702 , -125.301
87.5365 , -82.3006
87.9551 , -136.301
88.1488 , -64.3006
88.5581 , -73.3006
88.7532 , -55.3006
89.1727 , -17.3006
89.3764 , 21.6994
89.7649 , 40.6994
89.9469 , 42.6994
90.3165 , 65.6994
90.5758 , 59.6994
90.9835 , 84.6994
91.1971 , 49.6994
91.6326 , 65.6994
91.8437 , 43.6994
92.2321 , 28.6994
92.4232 , 17.6994
92.793 , 8.69936
93.0438 , 0.699365
93.4559 , -19.3006
93.6874 , -40.3006
94.1049 , -99.3006
94.3456 , -72.3006
94.768 , -117.301
95.0019 , -118.301
95.4174 , -101.301
95.6625 , -45.3006
96.0842 , 7.69936
96.2908 , 14.6994
96.6949 , 22.6994
96.9499 , 26.6994
97.3488 , 27.6994
97.5528 , 34.6994
97.9508 , 35.6994
98.2128 , 46.6994
98.6073 , 43.6994
98.8342 , 34.6994
99.2453 , 12.6994
99.5066 , 3.69936
99.892 , -4.30064
100.179 , -13.3006
100.612 , -88.3006
100.882 , -97.3006
101.283 , -106.301
101.521 , -86.3006
101.918 , -80.3006
102.165 , -76.3006
102.608 , -33.3006
102.866 , -23.3006
103.317 , 20.6994
103.584 , 33.6994
104.036 , 32.6994
104.266 , 33.6994
104.69 , 24.6994
104.958 , 21.6994
105.372 , 19.6994
105.644 , 29.6994
106.046 , 30.6994
106.242 , 10.6994
106.666 , -62.3006
106.902 , -46.3006
107.318 , 0.699365
107.615 , -3.30064
108.053 , -81.3006
108.348 , -68.3006
108.782 , -55.3006
109.045 , -45.3006
109.42 , -25.3006
109.692 , -24.3006
110.111 , 16.6994
110.379 , 43.6994
110.788 , 35.6994
111.041 , 31.6994
111.459 , 18.6994
111.686 , 23.6994
112.08 , 50.6994
112.338 , 62.6994
112.779 , 47.6994
113 , 47.6994
113.404 , 16.6994
113.652 , -2.30064
114.043 , -15.3006
114.315 , -13.3006
114.727 , -32.3006
114.966 , -29.3006
115.388 , -49.3006
115.623 , -63.3006
116 , -74.3006
116.233 , -77.3006
116.668 , -41.3006
116.887 , 6.69936
117.325 , 46.6994
117.519 , 63.6994
117.931 , 33.6994
118.148 , 46.6994
118.526 , 39.6994
118.716 , 53.6994
119.146 , 36.6994
119.392 , 34.6994
119.844 , 17.6994
120.032 , 19.6994
120.469 , -1.30064
120.683 , -14.3006
121.077 , -12.3006
121.277 , -26.3006
121.716 , -36.3006
121.926 , -34.3006
122.321 , -13.3006
122.524 , 2.69936
122.937 , -6.30064
123.103 , -14.3006
123.453 , -6.30064
123.653 , 5.69936
124.03 , 7.69936
124.264 , -23.3006
124.636 , -53.3006
124.851 , -31.3006
125.273 , 38.6994
125.472 , 46.6994
125.82 , 28.6994
126.047 , 28.6994
126.169 , 22.6994
126.36 , 19.6994
126.781 , 28.6994
126.972 , 18.6994
127.37 , 8.69936
127.536 , 13.6994
127.955 , 7.69936
128.149 , -2.30064
128.558 , -20.3006
128.753 , -9.30064
129.173 , -36.3006
129.376 , -74.3006
129.765 , -73.3006
129.947 , -73.3006
130.316 , -2.30064
130.576 , 21.6994
130.984 , 27.6994
131.197 , 14.6994
131.633 , 15.6994
131.844 , 26.6994
132.232 , 25.6994
132.423 , 19.6994
132.793 , 30.6994
133.044 , 22.6994
133.456 , 8.69936
133.687 , 11.6994
134.105 , 12.6994
134.346 , 9.69936
134.768 , -0.300635
135.002 , -1.30064
135.417 , -28.3006
135.662 , -12.3006
136.084 , -15.3006
136.291 , -13.3006
136.695 , -19.3006
136.95 , -10.3006
137.349 , -10.3006
137.553 , -10.3006
137.951 , -11.3006
138.213 , 5.69936
138.607 , 13.6994
138.834 , 18.6994
139.245 , 47.6994
139.507 , 17.6994
139.892 , -0.300635
140.179 , -0.300635
140.612 , 21.6994
140.882 , 31.6994
141.283 , 26.6994
141.521 , -16.3006
141.918 , -40.3006
142.165 , -17.3006
142.608 , 17.6994
142.866 , 10.6994
143.317 , 7.69936
143.584 , 5.69936
144.036 , -11.3006
144.266 , -8.30064
144.69 , -15.3006
144.958 , -14.3006
145.372 , -15.3006
145.644 , -6.30064
146.046 , 14.6994
146.242 , 28.6994
146.666 , 47.6994
146.902 , 29.6994
147.318 , 16.6994
147.615 , 37.6994
148.053 , 50.6994
148.348 , 39.6994
148.782 , 13.6994
149.045 , 1.69936
149.42 , -23.3006
149.692 , -50.3006
150.111 , -87.3006
150.379 , -47.3006
150.788 , -2.30064
151.041 , 18.6994
151.459 , 31.6994
151.686 , 41.6994
152.08 , 36.6994
152.338 , 13.6994
152.779 , -8.30064
153 , -4.30064
153.404 , -25.3006
153.652 , -25.3006
154.043 , 1.69936
154.315 , 14.6994
154.727 , 16.6994
154.966 , 17.6994
155.388 , 7.69936
155.623 , 2.69936
156 , 5.69936
156.233 , 23.6994
156.668 , 25.6994
156.887 , 16.6994
157.325 , -2.30064
157.519 , -39.3006
157.931 , -6.30064
158.148 , 12.6994
158.526 , 11.6994
158.716 , -5.30064
159.146 , -38.3006
159.392 , -36.3006
159.844 , -35.3006
160.032 , -31.3006
160.469 , -3.30064
160.683 , 11.6994
161.077 , 37.6994
161.277 , 37.6994
161.716 , 22.6994
161.926 , 5.69936
162.321 , -22.3006
162.524 , -5.30064
162.937 , 12.6994
163.103 , 12.6994
163.453 , 3.69936
163.653 , 9.69936
164.03 , 34.6994
164.264 , 31.6994
164.636 , 11.6994
164.851 , -9.30064
165.273 , -32.3006
165.472 , -30.3006
165.82 , -24.3006
166.047 , -24.3006
166.169 , -28.3006
166.36 , -18.3006
166.781 , -18.3006
166.972 , -11.3006
167.37 , -5.30064
167.536 , 9.69936
167.955 , 39.6994
168.149 , 26.6994
168.558 , 21.6994
168.753 , 1.69936
169.173 , -3.30064
169.376 , 13.6994
169.765 , 22.6994
169.947 , 27.6994
170.316 , 18.6994
170.576 , -2.30064
170.984 , -39.3006
171.197 , -6.30064
171.633 , 5.69936
171.844 , -2.30064
172.232 , -37.3006
172.423 , -39.3006
172.793 , -8.30064
173.044 , 2.69936
173.456 , 8.69936
173.687 , 5.69936
174.105 , -1.30064
174.346 , -0.300635
174.768 , 4.69936
175.002 , 13.6994
175.417 , 10.6994
175.662 , 2.69936
176.084 , 8.69936
176.291 , 5.69936
176.695 , 17.6994
176.95 , 14.6994
177.349 , 12.6994
177.553 , 14.6994
177.951 , -3.30064
178.213 , -7.30064
178.607 , -26.3006
178.834 , -22.3006
179.245 , -20.3006
179.507 , -10.3006
179.892 , -4.30064
180.179 , -7.30064
180.612 , -2.30064
180.882 , 8.69936
181.283 , 12.6994
181.521 , 9.69936
181.918 , 9.69936
182.165 , 9.69936
182.608 , 7.69936
182.866 , 2.69936
183.317 , 2.69936
183.584 , 6.69936
184.036 , -0.300635
184.266 , 3.69936
184.69 , -0.300635
184.958 , -2.30064
185.372 , -0.300635
185.644 , 5.69936
186.046 , 13.6994
186.242 , 7.69936
186.666 , -14.3006
186.902 , -8.30064
187.318 , -18.3006
187.615 , -29.3006
188.053 , -35.3006
188.348 , -10.3006
188.782 , 3.69936
189.045 , 10.6994
189.42 , 18.6994
189.692 , 17.6994
190.111 , -1.30064
190.379 , -18.3006
190.788 , -6.30064
191.041 , 30.6994
191.459 , 51.6994
191.686 , 35.6994
192.08 , -13.3006
192.338 , 0.699365
192.779 , 11.6994
193 , 15.6994
193.404 , -27.3006
193.652 , -45.3006
194.043 , -46.3006
194.315 , -14.3006
194.727 , 8.69936
194.966 , 14.6994
195.388 , 12.6994
195.623 , 8.69936
196 , 10.6994
196.233 , 12.6994
196.668 , -19.3006
196.887 , -22.3006
197.325 , -8.30064
197.519 , 1.69936
197.931 , 22.6994
198.148 , 25.6994
198.526 , 23.6994
198.716 , 29.6994
199.146 , -2.30064
199.392 , -9.30064
199.844 , -21.3006
200.032 , -15.3006
200.469 , -18.3006
200.683 , -7.30064
201.077 , 6.69936
201.277 , 9.69936
201.716 , 9.69936
201.926 , 3.69936
202.321 , -7.30064
202.524 , -10.3006
202.937 , -17.3006
203.103 , -13.3006
203.453 , -10.3006
203.653 , -16.3006
204.03 , -10.3006
204.264 , -0.300635
204.636 , 8.69936
204.851 , 22.6994
205.273 , 30.6994
205.472 , 32.6994
205.82 , 8.69936
206.047 , 13.6994
206.169 , 3.69936
206.36 , 0.699365
206.781 , -10.3006
206.972 , -4.30064
207.37 , -11.3006
207.536 , -0.300635
207.955 , 14.6994
208.149 , 2.69936
208.558 , -9.30064
208.753 , -9.30064
209.173 , -6.30064
209.376 , 0.699365
209.765 , -7.30064
209.947 , -6.30064
210.316 , -12.3006
210.576 , 6.69936
210.984 , 42.6994
211.197 , 47.6994
211.633 , 27.6994
211.844 , 29.6994
212.232 , 21.6994
212.423 , 11.6994
212.793 , -17.3006
213.044 , -26.3006
213.456 , -24.3006
213.687 , -3.30064
214.105 , 21.6994
214.346 , 13.6994
214.768 , 9.69936
215.002 , 7.69936
215.417 , 3.69936
215.662 , 6.69936
216.084 , -14.3006
216.291 , -31.3006
216.695 , -34.3006
216.95 , -5.30064
217.349 , -9.30064
217.553 , -11.3006
217.951 , -22.3006
218.213 , 7.69936
218.607 , 26.6994
218.834 , 29.6994
219.245 , 45.6994
219.507 , 16.6994
219.892 , -3.30064
220.179 , -9.30064
220.612 , -17.3006
220.882 , -19.3006
221.283 , -14.3006
221.521 , -7.30064
221.918 , -2.30064
222.165 , 5.69936
222.608 , 28.6994
222.866 , 12.6994
223.317 , 6.69936
223.584 , 7.69936
224.036 , -5.30064
224.266 , -3.30064
224.69 , -5.30064
224.958 , -10.3006
225.372 , -9.30064
225.644 , -4.30064
226.046 , -4.30064
226.242 , -0.300635
226.666 , 23.6994
226.902 , 29.6994
227.318 , 37.6994
227.615 , 37.6994
228.053 , 8.69936
228.348 , -6.30064
228.782 , -20.3006
229.045 , -12.3006
229.42 , 2.69936
229.692 , 12.6994
230.111 , 13.6994
230.379 , 14.6994
230.788 , 5.69936
231.041 , 7.69936
231.459 , -9.30064
231.686 , -5.30064
232.08 , -22.3006
232.338 , -2.30064
232.779 , 16.6994
233 , 28.6994
233.404 , 16.6994
233.652 , 16.6994
234.043 , 20.6994
234.315 , 20.6994
234.727 , 12.6994
234.966 , -7.30064
235.388 , -35.3006
235.623 , -15.3006
236 , 6.69936
236.233 , 18.6994
236.668 , 20.6994
236.887 , 21.6994
237.325 , 26.6994
237.519 , 10.6994
237.931 , -17.3006
238.148 , -26.3006
238.526 , -28.3006
238.716 , -16.3006
239.146 , 3.69936
239.392 , 26.6994
239.844 , 24.6994
240.032 , 22.6994
240.469 , 14.6994
240.683 , 8.69936
241.077 , -5.30064
241.277 , -18.3006
241.716 , -26.3006
241.926 , -1.30064
242.321 , 25.6994
242.524 , 40.6994
242.937 , 30.6994
243.103 , 14.6994
243.453 , -1.30064
243.653 , -4.30064
244.03 , -0.300635
244.264 , -1.30064
244.636 , -6.30064
244.851 , 5.69936
245.273 , 5.69936
245.472 , -3.30064
245.82 , 5.69936
246.047 , 19.6994
246.169 , 12.6994
246.36 , 2.69936
246.781 , -15.3006
246.972 , 0.699365
247.37 , -0.300635
247.536 , 1.69936
247.955 , -7.30064
248.149 , -1.30064
248.558 , 13.6994
248.753 , 4.69936
249.173 , -2.30064
249.376 , 2.69936
249.765 , -0.300635
249.947 , 5.69936
250.316 , 20.6994
250.576 , 29.6994
250.984 , 27.6994
251.197 , 12.6994
251.633 , -39.3006
251.844 , -14.3006
252.232 , -8.30064
252.423 , -8.30064
252.793 , 1.69936
253.044 , 1.69936
253.456 , 8.69936
253.687 , 7.69936
254.105 , -11.3006
254.346 , -6.30064
254.768 , -0.300635
255.002 , 9.69936
255.417 , 3.69936
255.662 , 0.699365
256.084 , -3.30064
256.291 , -16.3006
256.695 , -23.3006
256.95 , -1.30064
257.349 , 8.69936
257.553 , 13.6994
257.951 , 8.69936
258.213 , 13.6994
258.607 , 13.6994
258.834 , 7.69936
259.245 , 2.69936
259.507 , -14.3006
259.892 , -25.3006
260.179 , -26.3006
260.612 , -10.3006
260.882 , -3.30064
261.283 , -9.30064
261.521 , -3.30064
261.918 , 18.6994
262.165 , 16.6994
262.608 , 7.69936
262.866 , 0.699365
263.317 , 5.69936
263.584 , 0.699365
264.036 , -24.3006
264.266 , -6.30064
264.69 , 22.6994
264.958 , 26.6994
265.372 , 11.6994
265.644 , -3.30064
266.046 , -34.3006
266.242 , -14.3006
266.666 , -15.3006
266.902 , -11.3006
267.318 , 12.6994
267.615 , 17.6994
268.053 , -16.3006
268.348 , -12.3006
268.782 , -0.300635
269.045 , 5.69936
269.42 , 10.6994
269.692 , 1.69936
270.111 , -13.3006
270.379 , -5.30064
270.788 , 10.6994
271.041 , 24.6994
271.459 , 36.6994
271.686 , 34.6994
272.08 , -14.3006
272.338 , -12.3006
272.779 , -14.3006
273 , -8.30064
273.404 , -20.3006
273.652 , -13.3006
274.043 , 14.6994
274.315 , 21.6994
274.727 , 18.6994
274.966 , 8.69936
275.388 , 3.69936
275.623 , 1.69936
276 , -16.3006
276.233 , -19.3006
276.668 , -33.3006
276.887 , -4.30064
277.325 , 21.6994
277.519 , 18.6994
277.931 , 18.6994
278.148 , 30.6994
278.526 , 29.6994
278.716 , 31.6994
279.146 , 11.6994
279.392 , 10.6994
279.844 , -16.3006
280.032 , -21.3006
280.469 , -12.3006
280.683 , -4.30064
281.077 , 8.69936
281.277 , 4.69936
281.716 , -6.30064
281.926 , -2.30064
282.321 , -4.30064
282.524 , -0.300635
282.937 , -10.3006
283.103 , -15.3006
283.453 , -16.3006
283.653 , -16.3006
284.03 , 2.69936
284.264 , 12.6994
284.636 , 23.6994
284.851 , 27.6994
285.273 , 43.6994
285.472 , 25.6994
285.82 , 2.69936
286.047 , -8.30064
286.169 , -27.3006
286.36 , -10.3006
286.781 , 1.69936
286.972 , 3.69936
287.37 , -6.30064
287.536 , -0.300635
287.955 , -1.30064
288.149 , -3.30064
288.558 , -11.3006
288.753 , -11.3006
289.173 , -2.30064
289.376 , 7.69936
289.765 , 15.6994
289.947 , 20.6994
290.316 , 15.6994
290.576 , 0.699365
290.984 , -39.3006
291.197 , -20.3006
291.633 , -1.30064
291.844 , 10.6994
292.232 , 10.6994
292.423 , 3.69936
292.793 , 5.69936
293.044 , 1.69936
293.456 , 2.69936
293.687 , 7.69936
294.105 , 12.6994
294.346 , 4.69936
294.768 , -10.3006
295.002 , -13.3006
295.417 , -72.3006
295.662 , -40.3006
296.084 , -0.300635
296.291 , 11.6994
296.695 , 23.6994
296.95 , 10.6994
297.349 , 2.69936
297.553 , 13.6994
297.951 , 13.6994
298.213 , 18.6994
298.607 , 10.6994
298.834 , -4.30064
299.245 , -60.3006
299.507 , -56.3006
299.892 , -15.3006
300.179 , -16.3006
300.612 , -9.30064
300.882 , 0.699365
301.283 , 25.6994
301.521 , 41.6994
301.918 , 18.6994
302.165 , 11.6994
302.608 , 1.69936
302.866 , -5.30064
303.317 , 8.69936
303.584 , 10.6994
304.036 , -3.30064
304.266 , -4.30064
304.69 , -14.3006
304.958 , -17.3006
305.372 , -19.3006
305.644 , -5.30064
306.046 , -3.30064
306.242 , -3.30064
306.666 , -11.3006
306.902 , -0.300635
307.318 , 11.6994
307.615 , 28.6994
308.053 , 25.6994
308.348 , 21.6994
308.782 , 5.69936
309.045 , 0.699365
309.42 , 6.69936
309.692 , 8.69936
310.111 , 5.69936
310.379 , 1.69936
310.788 , -9.30064
311.041 , -0.300635
311.459 , -4.30064
311.686 , -14.3006
312.08 , -39.3006
312.338 , -7.30064
312.779 , 8.69936
313 , 10.6994
313.404 , -4.30064
313.652 , -3.30064
314.043 , 9.69936
314.315 , 5.69936
314.727 , 2.69936
314.966 , 14.6994
315.388 , 38.6994
315.623 , 18.6994
316 , -15.3006
316.233 , -5.30064
316.668 , 14.6994
316.887 , 20.6994
317.325 , 8.69936
317.519 , -14.3006
317.931 , -38.3006
318.148 , -44.3006
318.526 , -38.3006
318.716 , -8.30064
319.146 , 25.6994
319.392 , 25.6994
319.844 , 7.69936
320.032 , 5.69936
320.469 , 2.69936
320.683 , 4.69936
321.077 , 7.69936
321.277 , 5.69936
321.716 , 6.69936
321.926 , 4.69936
322.321 , -14.3006
322.524 , -40.3006
322.937 , -50.3006
323.103 , -29.3006
323.453 , 12.6994
323.653 , 29.6994
324.03 , 49.6994
324.264 , 39.6994
324.636 , -6.30064
324.851 , -48.3006
325.273 , -51.3006
325.472 , -20.3006
325.82 , 9.69936
326.047 , 15.6994
326.169 , 8.69936
326.36 , -1.30064
326.781 , -52.3006
326.972 , -24.3006
327.37 , -29.3006
327.536 , -6.30064
327.955 , 0.699365
328.149 , 9.69936
328.558 , 35.6994
328.753 , 36.6994
329.173 , 33.6994
329.376 , 30.6994
329.765 , 6.69936
329.947 , 6.69936
330.316 , -28.3006
330.576 , -16.3006
330.984 , -43.3006
331.197 , -22.3006
331.633 , -16.3006
331.844 , -6.30064
332.232 , -8.30064
332.423 , -4.30064
332.793 , 15.6994
333.044 , 11.6994
333.456 , 22.6994
333.687 , 24.6994
334.105 , 10.6994
334.346 , -6.30064
334.768 , -27.3006
335.002 , -11.3006
335.417 , -9.30064
335.662 , 6.69936
336.084 , 32.6994
336.291 , 7.69936
336.695 , -10.3006
336.95 , -4.30064
337.349 , 1.69936
337.553 , 12.6994
337.951 , 10.6994
338.213 , 19.6994
338.607 , 2.69936
338.834 , -23.3006
339.245 , -69.3006
339.507 , -8.30064
339.892 , 28.6994
340.179 , 33.6994
340.612 , 7.69936
340.882 , -15.3006
341.283 , -35.3006
341.521 , -20.3006
341.918 , -4.30064
342.165 , 0.699365
342.608 , -0.300635
342.866 , -4.30064
343.317 , 11.6994
343.584 , 10.6994
344.036 , -5.30064
344.266 , -2.30064
344.69 , 2.69936
344.958 , -0.300635
345.372 , -2.30064
345.644 , 10.6994
346.046 , 19.6994
346.242 , 16.6994
346.666 , -27.3006
346.902 , -36.3006
347.318 , -0.300635
347.615 , 22.6994
348.053 , -1.30064
348.348 , -16.3006
348.782 , -48.3006
349.045 , -34.3006
349.42 , -12.3006
349.692 , 3.69936
350.111 , 29.6994
350.379 , 43.6994
350.788 , 27.6994
351.041 , 32.6994
351.459 , 34.6994
351.686 , 24.6994
352.08 , -26.3006
352.338 , -44.3006
352.779 , -36.3006
353 , -0.300635
353.404 , 4.69936
353.652 , -9.30064
354.043 , -1.30064
354.315 , -0.300635
354.727 , -16.3006
354.966 , -25.3006
355.388 , -27.3006
355.623 , -12.3006
356 , -2.30064
356.233 , 5.69936
356.668 , 21.6994
356.887 , 35.6994
357.325 , 51.6994
357.519 , 39.6994
357.931 , 17.6994
358.148 , 10.6994
358.526 , -36.3006
358.716 , -52.3006
359.146 , -80.3006
359.392 , -49.3006
359.844 , -23.3006
360.032 , 8.69936
360.469 , 50.6994
360.683 , 42.6994
361.077 , 21.6994
361.277 , 4.69936
361.716 , -17.3006
361.926 , -25.3006
362.321 , -29.3006
362.524 , -30.3006
362.937 , -31.3006
363.103 , -11.3006
363.453 , 8.69936
363.653 , 9.69936
364.03 , 26.6994
364.264 , 41.6994
364.636 , 50.6994
364.851 , 48.6994
365.273 , 4.69936
365.472 , -28.3006
365.82 , -66.3006
366.047 , -79.3006
366.169 , -69.3006
366.36 , -33.3006
366.781 , 4.69936
366.972 , 24.6994
367.37 , 24.6994
367.536 , 15.6994
367.955 , 0.699365
368.149 , 15.6994
368.558 , 49.6994
368.753 , 42.6994
369.173 , 12.6994
369.376 , 4.69936
369.765 , -17.3006
369.947 , -2.30064
370.316 , -43.3006
370.576 , -42.3006
370.984 , -110.301
371.197 , -92.3006
371.633 , -20.3006
371.844 , 13.6994
372.232 , 25.6994
372.423 , 20.6994
372.793 , 43.6994
373.044 , 44.6994
373.456 , 32.6994
373.687 , 15.6994
374.105 , -20.3006
374.346 , -11.3006
374.768 , -14.3006
375.002 , -37.3006
375.417 , -90.3006
375.662 , -70.3006
376.084 , -17.3006
376.291 , 7.69936
376.695 , 28.6994
376.95 , 26.6994
377.349 , 11.6994
377.553 , 11.6994
377.951 , 3.69936
378.213 , 14.6994
378.607 , 11.6994
378.834 , -5.30064
379.245 , -71.3006
379.507 , -47.3006
379.892 , 3.69936
380.179 , 16.6994
380.612 , 16.6994
380.882 , 18.6994
381.283 , 42.6994
381.521 , 27.6994
381.918 , -16.3006
382.165 , -43.3006
382.608 , -81.3006
382.866 , -73.3006
383.317 , -11.3006
383.584 , 31.6994
384.036 , 38.6994
384.266 , 28.6994
384.69 , -8.30064
384.958 , -12.3006
385.372 , -6.30064
385.644 , 5.69936
386.046 , 12.6994
386.242 , -4.30064
386.666 , -54.3006
386.902 , -33.3006
387.318 , 11.6994
387.615 , 32.6994
388.053 , 29.6994
388.348 , 20.6994
388.782 , 16.6994
389.045 , 7.69936
389.42 , -11.3006
389.692 , -23.3006
390.111 , -7.30064
390.379 , -1.30064
390.788 , -15.3006
391.041 , -10.3006
391.459 , 2.69936
391.686 , 14.6994
392.08 , 17.6994
392.338 , 7.69936
392.779 , -12.3006
393 , -2.30064
393.404 , 28.6994
393.652 , 37.6994
394.043 , 31.6994
394.315 , 11.6994
394.727 , -4.30064
394.966 , 1.69936
395.388 , -22.3006
395.623 , -35.3006
396 , -36.3006
396.233 , -14.3006
396.668 , 5.69936
396.887 , 8.69936
397.325 , 18.6994
397.519 , 14.6994
397.931 , 24.6994
398.148 , 22.6994
398.526 , 2.69936
398.716 , 2.69936
399.146 , -3.30064
399.392 , 2.69936
399.844 , -6.30064
400.032 , -4.30064
400.469 , 5.69936
400.683 , -5.30064
401.077 , -17.3006
401.277 , -18.3006
401.716 , 1.69936
401.926 , 16.6994
402.321 , 13.6994
402.524 , 1.69936
402.937 , -5.30064
403.103 , 11.6994
403.453 , 24.6994
403.653 , 18.6994
404.03 , 19.6994
404.264 , 15.6994
404.636 , 2.69936
404.851 , -7.30064
405.273 , -22.3006
405.472 , -15.3006
405.82 , -10.3006
406.047 , -7.30064
406.169 , -1.30064
406.36 , 1.69936
406.781 , -6.30064
406.972 , 0.699365
407.37 , -5.30064
407.536 , 2.69936
407.955 , 14.6994
408.149 , 12.6994
408.558 , -2.30064
408.753 , -9.30064
409.173 , 1.69936
409.376 , 16.6994
409.765 , 32.6994
409.947 , 28.6994
410.316 , -32.3006
410.576 , -13.3006
410.984 , 5.69936
411.197 , 11.6994
411.633 , -26.3006
411.844 , -30.3006
412.232 , -30.3006
412.423 , -4.30064
412.793 , 11.6994
413.044 , 1.69936
413.456 , -7.30064
413.687 , 1.69936
414.105 , 28.6994
414.346 , 15.6994
414.768 , 3.69936
415.002 , 0.699365
415.417 , -22.3006
415.662 , -12.3006
416.084 , 20.6994
416.291 , 38.6994
416.695 , 21.6994
416.95 , 15.6994
417.349 , -11.3006
417.553 , -12.3006
417.951 , -40.3006
418.213 , -36.3006
418.607 , -42.3006
418.834 , -10.3006
419.245 , 23.6994
419.507 , 22.6994
419.892 , 14.6994
420.179 , 14.6994
420.612 , 16.6994
420.882 , 20.6994
421.283 , 6.69936
421.521 , -18.3006
421.918 , -70.3006
422.165 , -52.3006
422.608 , -10.3006
422.866 , -3.30064
423.317 , 15.6994
423.584 , 17.6994
424.036 , 18.6994
424.266 , 21.6994
424.69 , 13.6994
424.958 , 1.69936
425.372 , -36.3006
425.644 , -85.3006
426.046 , -56.3006
426.242 , -18.3006
426.666 , 20.6994
426.902 , 24.6994
427.318 , 38.6994
427.615 , 30.6994
428.053 , 17.6994
428.348 , 18.6994
428.782 , 11.6994
429.045 , 15.6994
429.42 , -7.30064
429.692 , -38.3006
430.111 , -28.3006
430.379 , -11.3006
430.788 , 2.69936
431.041 , 15.6994
431.459 , 31.6994
431.686 , 23.6994
432.08 , -29.3006
432.338 , -37.3006
432.779 , -11.3006
433 , 25.6994
433.404 , 31.6994
433.652 , 7.69936
434.043 , 1.69936
434.315 , 3.69936
434.727 , 1.69936
434.966 , -2.30064
435.388 , -9.30064
435.623 , -3.30064
436 , 2.69936
436.233 , 5.69936
436.668 , -1.30064
436.887 , 12.6994
437.325 , 47.6994
437.519 , 42.6994
437.931 , 3.69936
438.148 , -1.30064
438.526 , -11.3006
438.716 , -8.30064
439.146 , -38.3006
439.392 , -35.3006
439.844 , -40.3006
440.032 , -31.3006
440.469 , 2.69936
440.683 , 16.6994
441.077 , 40.6994
441.277 , 46.6994
441.716 , 41.6994
441.926 , 22.6994
442.321 , -20.3006
442.524 , -22.3006
442.937 , -23.3006
443.103 , -9.30064
443.453 , -9.30064
443.653 , -27.3006
444.03 , -43.3006
444.264 , -26.3006
444.636 , 9.69936
444.851 , 30.6994
445.273 , 39.6994
445.472 , 17.6994
445.82 , 2.69936
446.047 , 4.69936
446.169 , -0.300635
446.36 , 1.69936
446.781 , -6.30064
446.972 , -5.30064
447.37 , -24.3006
447.536 , -4.30064
447.955 , 19.6994
448.149 , 15.6994
448.558 , 19.6994
448.753 , 5.69936
449.173 , -19.3006
449.376 , -25.3006
449.765 , -40.3006
449.947 , -13.3006
450.316 , 37.6994
450.576 , 39.6994
450.984 , 47.6994
451.197 , 12.6994
451.633 , 0.699365
451.844 , 12.6994
452.232 , 5.69936
452.423 , -13.3006
452.793 , -45.3006
453.044 , -23.3006
453.456 , -7.30064
453.687 , -0.300635
454.105 , 11.6994
454.346 , 13.6994
454.768 , 11.6994
455.002 , 10.6994
455.417 , -16.3006
455.662 , 1.69936
456.084 , 18.6994
456.291 , -3.30064
456.695 , -20.3006
456.95 , -5.30064
457.349 , 2.69936
457.553 , 2.69936
457.951 , -20.3006
458.213 , -3.30064
458.607 , 23.6994
458.834 , 30.6994
459.245 , 45.6994
459.507 , 20.6994
459.892 , -19.3006
460.179 , -50.3006
460.612 , -99.3006
460.882 , -67.3006
461.283 , -9.30064
461.521 , 17.6994
461.918 , 44.6994
462.165 , 39.6994
462.608 , 30.6994
462.866 , 21.6994
463.317 , 13.6994
463.584 , 8.69936
464.036 , -5.30064
464.266 , -2.30064
464.69 , -1.30064
464.958 , -4.30064
465.372 , -11.3006
465.644 , -12.3006
466.046 , -19.3006
466.242 , -21.3006
466.666 , -44.3006
466.902 , -12.3006
467.318 , 31.6994
467.615 , 44.6994
468.053 , 29.6994
468.348 , 29.6994
468.782 , 0.699365
469.045 , -18.3006
469.42 , -24.3006
469.692 , -14.3006
470.111 , 5.69936
470.379 , 9.69936
470.788 , 8.69936
471.041 , 26.6994
471.459 , 29.6994
471.686 , 5.69936
472.08 , -39.3006
472.338 , -35.3006
472.779 , -30.3006
473 , 3.69936
473.404 , 13.6994
473.652 , 12.6994
474.043 , 10.6994
474.315 , 7.69936
474.727 , 11.6994
474.966 , 9.69936
475.388 , -2.30064
475.623 , -5.30064
476 , -17.3006
476.233 , -4.30064
476.668 , 1.69936
476.887 , 13.6994
477.325 , 24.6994
477.519 , -6.30064
477.931 , -21.3006
478.148 , -2.30064
478.526 , 27.6994
478.716 , 36.6994
479.146 , 18.6994
479.392 , 5.69936
479.844 , -43.3006
480.032 , -55.3006
480.469 , -56.3006
480.683 , -48.3006
481.077 , -5.30064
481.277 , -0.300635
481.716 , 18.6994
481.926 , 38.6994
482.321 , 117.699
482.524 , 103.699
482.937 , 6.69936
483.103 , -59.3006
483.453 , -95.3006
483.653 , -89.3006
484.03 , -57.3006
484.264 , -23.3006
484.636 , 37.6994
484.851 , 74.6994
485.273 , 98.6994
485.472 , 73.6994
485.82 , 22.6994
486.047 , -47.3006
486.169 , -106.301
486.36 , -110.301
486.781 , -135.301
486.972 , -109.301
487.37 , -23.3006
487.536 , 12.6994
487.955 , 84.6994
488.149 , 185.699
488.558 , 124.699
488.753 , 77.6994
489.173 , -239.301
489.376 , -431.301
489.765 , -460.301
489.947 , -339.301
490.316 , 12.6994
490.576 , 196.699
490.984 , 524.699
491.197 , 601.699
491.633 , 591.699
491.844 , 429.699
492.232 , -122.301
492.423 , -537.301
492.793 , -790.301
493.044 , -715.301
493.456 , -362.301
493.687 , -287.301
494.105 , 246.699
494.346 , 684.699
494.768 , 841.699
495.002 , 862.699
495.417 , 781.699
495.662 , 607.699
496.084 , 35.6994
496.291 , -476.301
496.695 , -780.301
496.95 , -800.301
497.349 , -636.301
497.553 , -509.301
497.951 , -111.301
498.213 , 59.6994
498.607 , 472.699
498.834 , 697.699
499.245 , 702.699
499.507 , 625.699
499.892 , 408.699
500.179 , 157.699
500.612 , -69.3006
500.882 , -155.301
501.283 , -338.301
501.521 , -377.301
501.918 , -353.301
502.165 , -299.301
502.608 , -178.301
502.866 , -103.301
503.317 , -17.3006
503.584 , 5.69936
504.036 , 23.6994
504.266 , 57.6994
504.69 , 190.699
504.958 , 300.699
505.372 , 380.699
505.644 , 271.699
506.046 , 92.6994
506.242 , 16.6994
506.666 , -212.301
506.902 , -253.301
507.318 , -257.301
507.615 , -246.301
508.053 , -246.301
508.348 , -163.301
508.782 , -69.3006
509.045 , -16.3006
509.42 , 54.6994
509.692 , 91.6994
510.111 , 131.699
510.379 , 140.699
510.788 , 115.699
511.041 , 99.6994
511.459 , 58.6994
511.686 , 5.69936
512.08 , -124.301
512.338 , -127.301
512.779 , -124.301
513 , -110.301
513.404 , -114.301
513.652 , -77.3006
514.043 , -32.3006
514.315 , 15.6994
514.727 , 51.6994
514.966 , 62.6994
515.388 , 44.6994
515.623 , 9.69936
516 , -15.3006
516.233 , -1.30064
516.668 , 3.69936
516.887 , 1.69936
517.325 , 10.6994
517.519 , 7.69936
517.931 , 4.69936
518.148 , -13.3006
518.526 , -27.3006
518.716 , -2.30064
519.146 , 38.6994
519.392 , 56.6994
519.844 , 50.6994
520.032 , 47.6994
520.469 , 19.6994
520.683 , -7.30064
521.077 , -34.3006
521.277 , -42.3006
521.716 , -57.3006
521.926 , -57.3006
522.321 , -75.3006
522.524 , -57.3006
522.937 , -23.3006
523.103 , -6.30064
523.453 , 18.6994
523.653 , 22.6994
524.03 , 36.6994
524.264 , 34.6994
524.636 , 43.6994
524.851 , 37.6994
525.273 , 39.6994
525.472 , 24.6994
525.82 , 22.6994
526.047 , 32.6994
526.169 , 27.6994
526.36 , 26.6994
526.781 , -47.3006
526.972 , -55.3006
527.37 , -81.3006
527.536 , -58.3006
527.955 , -63.3006
528.149 , -52.3006
528.558 , -62.3006
528.753 , -59.3006
529.173 , -16.3006
529.376 , 11.6994
529.765 , 36.6994
529.947 , 34.6994
530.316 , 67.6994
530.576 , 43.6994
530.984 , 76.6994
531.197 , 80.6994
531.633 , 9.69936
531.844 , 0.699365
532.232 , 2.69936
532.423 , 10.6994
532.793 , 17.6994
533.044 , 11.6994
533.456 , -5.30064
533.687 , -9.30064
534.105 , -47.3006
534.346 , -32.3006
534.768 , -73.3006
535.002 , -53.3006
535.417 , -55.3006
535.662 , -36.3006
536.084 , 17.6994
536.291 , 29.6994
536.695 , 50.6994
536.95 , 49.6994
537.349 , 38.6994
537.553 , 29.6994
537.951 , 6.69936
538.213 , 3.69936
538.607 , -19.3006
538.834 , -23.3006
539.245 , -43.3006
539.507 , -35.3006
539.892 , -11.3006
540.179 , -3.30064
540.612 , 8.69936
540.882 , 6.69936
541.283 , -6.30064
541.521 , -3.30064
541.918 , -2.30064
542.165 , -6.30064
542.608 , -27.3006
542.866 , -30.3006
543.317 , -10.3006
543.584 , 7.69936
544.036 , 20.6994
544.266 , 30.6994
544.69 , 21.6994
544.958 , 5.69936
545.372 , -32.3006
545.644 , -50.3006
546.046 , -38.3006
546.242 , -40.3006
546.666 , 31.6994
546.902 , 40.6994
547.318 , 64.6994
547.615 , 38.6994
548.053 , -2.30064
548.348 , -26.3006
548.782 , -42.3006
549.045 , -29.3006
549.42 , -1.30064
549.692 , -3.30064
550.111 , -8.30064
550.379 , -8.30064
550.788 , -12.3006
551.041 , 4.69936
551.459 , 25.6994
551.686 , 27.6994
552.08 , 42.6994
552.338 , 56.6994
552.779 , 37.6994
553 , 45.6994
553.404 , 22.6994
553.652 , 6.69936
554.043 , -12.3006
554.315 , -25.3006
554.727 , -65.3006
554.966 , -58.3006
555.388 , -8.30064
555.623 , 7.69936
556 , 10.6994
556.233 , 7.69936
556.668 , -11.3006
556.887 , -5.30064
557.325 , 15.6994
557.519 , 21.6994
557.931 , 22.6994
558.148 , 20.6994
558.526 , 4.69936
558.716 , 1.69936
559.146 , -0.300635
559.392 , 9.69936
559.844 , 0.699365
560.032 , -8.30064
560.469 , -13.3006
560.683 , -11.3006
561.077 , 10.6994
561.277 , 14.6994
561.716 , 23.6994
561.926 , 24.6994
562.321 , -23.3006
562.524 , -48.3006
562.937 , -33.3006
563.103 , -1.30064
563.453 , 15.6994
563.653 , 6.69936
564.03 , 13.6994
564.264 , 16.6994
564.636 , 14.6994
564.851 , 10.6994
565.273 , -29.3006
565.472 , -32.3006
565.82 , -20.3006
566.047 , -9.30064
566.169 , -4.30064
566.36 , -6.30064
566.781 , 0.699365
566.972 , 9.69936
567.37 , 25.6994
567.536 , 24.6994
567.955 , 34.6994
568.149 , 16.6994
568.558 , 19.6994
568.753 , 11.6994
569.173 , -2.30064
569.376 , -7.30064
569.765 , -22.3006
569.947 , -18.3006
570.316 , -70.3006
570.576 , -75.3006
570.984 , -68.3006
571.197 , -20.3006
571.633 , 25.6994
571.844 , 22.6994
572.232 , 6.69936
572.423 , -0.300635
572.793 , 10.6994
573.044 , 13.6994
573.456 , 18.6994
573.687 , 20.6994
574.105 , 13.6994
574.346 , 10.6994
574.768 , 17.6994
575.002 , 18.6994
575.417 , -54.3006
575.662 , -48.3006
576.084 , -49.3006
576.291 , -37.3006
576.695 , -5.30064
576.95 , -3.30064
577.349 , 0.699365
577.553 , 11.6994
577.951 , 6.69936
578.213 , 4.69936
578.607 , -42.3006
578.834 , -35.3006
579.245 , -6.30064
579.507 , 8.69936
579.892 , 13.6994
580.179 , 5.69936
580.612 , 7.69936
580.882 , 14.6994
581.283 , 69.6994
581.521 , 29.6994
581.918 , 9.69936
582.165 , -20.3006
582.608 , -39.3006
582.866 , -34.3006
583.317 , -35.3006
583.584 , -21.3006
584.036 , -3.30064
584.266 , 2.69936
584.69 , 0.699365
584.958 , -3.30064
585.372 , -1.30064
585.644 , 1.69936
586.046 , 2.69936
586.242 , 8.69936
586.666 , 28.6994
586.902 , 18.6994
587.318 , 5.69936
587.615 , 8.69936
588.053 , -0.300635
588.348 , -2.30064
588.782 , 3.69936
589.045 , 12.6994
589.42 , 12.6994
589.692 , 0.699365
590.111 , -1.30064
590.379 , 16.6994
590.788 , 13.6994
591.041 , 10.6994
591.459 , -24.3006
591.686 , -17.3006
592.08 , -29.3006
592.338 , -9.30064
592.779 , -8.30064
593 , -4.30064
593.404 , -5.30064
593.652 , -2.30064
594.043 , 10.6994
594.315 , 10.6994
594.727 , 18.6994
594.966 , 26.6994
595.388 , 26.6994
595.623 , 22.6994
596 , 12.6994
596.233 , 23.6994
596.668 , -7.30064
596.887 , -22.3006
597.325 , -33.3006
597.519 , -12.3006
597.931 , 12.6994
598.148 , -7.30064
598.526 , -45.3006
598.716 , -45.3006
599.146 , -24.3006
599.392 , 9.69936
599.844 , 24.6994
600.032 , 27.6994
600.469 , 6.69936
600.683 , -0.300635
601.077 , 3.69936
601.277 , 9.69936
601.716 , 10.6994
601.926 , 12.6994
602.321 , 9.69936
602.524 , 3.69936
602.937 , -9.30064
603.103 , -9.30064
603.453 , -6.30064
603.653 , -0.300635
604.03 , 22.6994
604.264 , 28.6994
604.636 , 12.6994
604.851 , -0.300635
605.273 , -31.3006
605.472 , -30.3006
605.82 , -21.3006
606.047 , -25.3006
606.169 , -15.3006
606.36 , -9.30064
606.781 , 8.69936
606.972 , 13.6994
607.37 , 14.6994
607.536 , 9.69936
607.955 , -4.30064
608.149 , -0.300635
608.558 , 8.69936
608.753 , 7.69936
609.173 , 11.6994
609.376 , 11.6994
609.765 , -15.3006
609.947 , -7.30064
610.316 , -4.30064
610.576 , 6.69936
610.984 , 30.6994
611.197 , 24.6994
611.633 , 17.6994
611.844 , 18.6994
612.232 , -9.30064
612.423 , -16.3006
612.793 , -19.3006
613.044 , -18.3006
613.456 , -19.3006
613.687 , -20.3006
614.105 , -31.3006
614.346 , -20.3006
614.768 , 3.69936
615.002 , 19.6994
615.417 , 28.6994
615.662 , 9.69936
616.084 , 38.6994
616.291 , 29.6994
616.695 , 29.6994
616.95 , 19.6994
617.349 , -21.3006
617.553 , -18.3006
617.951 , -20.3006
618.213 , -9.30064
618.607 , -29.3006
618.834 , -34.3006
619.245 , -27.3006
619.507 , -10.3006
619.892 , 2.69936
620.179 , -0.300635
620.612 , 6.69936
620.882 , 14.6994
621.283 , 18.6994
621.521 , 12.6994
621.918 , 1.69936
622.165 , 5.69936
622.608 , 23.6994
622.866 , 21.6994
623.317 , 24.6994
623.584 , 21.6994
624.036 , -14.3006
624.266 , -32.3006
624.69 , -85.3006
624.958 , -26.3006
625.372 , -10.3006
625.644 , 1.69936
626.046 , 18.6994
626.242 , 26.6994
626.666 , 47.6994
626.902 , 45.6994
627.318 , 31.6994
627.615 , 15.6994
628.053 , -9.30064
628.348 , -6.30064
628.782 , -25.3006
629.045 , -24.3006
629.42 , -19.3006
629.692 , -5.30064
630.111 , 16.6994
630.379 , 23.6994
630.788 , 19.6994
631.041 , 16.6994
631.459 , 15.6994
631.686 , 16.6994
632.08 , -10.3006
632.338 , 3.69936
632.779 , 9.69936
633 , 16.6994
633.404 , 10.6994
633.652 , 4.69936
634.043 , 2.69936
634.315 , -3.30064
634.727 , -21.3006
634.966 , -17.3006
635.388 , -5.30064
635.623 , 3.69936
636 , 2.69936
636.233 , 7.69936
636.668 , 6.69936
636.887 , 18.6994
637.325 , 43.6994
637.519 , 17.6994
637.931 , 4.69936
638.148 , -0.300635
638.526 , -24.3006
638.716 , -19.3006
639.146 , -21.3006
639.392 , 7.69936
639.844 , 14.6994
640.032 , 12.6994
640.469 , 22.6994
640.683 , 24.6994
641.077 , 23.6994
641.277 , 9.69936
641.716 , -26.3006
641.926 , -36.3006
642.321 , -53.3006
642.524 , -50.3006
642.937 , -36.3006
643.103 , 1.69936
643.453 , 16.6994
643.653 , 18.6994
644.03 , 15.6994
644.264 , 8.69936
644.636 , 6.69936
644.851 , 22.6994
645.273 , 37.6994
645.472 , 14.6994
645.82 , -2.30064
646.047 , -4.30064
646.169 , -1.30064
646.36 , 0.699365
646.781 , 1.69936
646.972 , 4.69936
647.37 , -5.30064
647.536 , 0.699365
647.955 , 4.69936
648.149 , 1.69936
648.558 , 2.69936
648.753 , -4.30064
649.173 , -16.3006
649.376 , -4.30064
649.765 , 2.69936
649.947 , 9.69936
650.316 , 41.6994
650.576 , 30.6994
650.984 , 28.6994
651.197 , 10.6994
651.633 , -32.3006
651.844 , -26.3006
652.232 , -5.30064
652.423 , 4.69936
652.793 , 30.6994
653.044 , 16.6994
653.456 , 14.6994
653.687 , 6.69936
654.105 , 2.69936
654.346 , 2.69936
654.768 , 16.6994
655.002 , 9.69936
655.417 , -42.3006
655.662 , -39.3006
656.084 , -65.3006
656.291 , -42.3006
656.695 , 14.6994
656.95 , 24.6994
657.349 , 23.6994
657.553 , 15.6994
657.951 , -9.30064
658.213 , -5.30064
658.607 , -5.30064
658.834 , -5.30064
659.245 , -24.3006
659.507 , -10.3006
659.892 , 5.69936
660.179 , 8.69936
660.612 , 29.6994
660.882 , 26.6994
661.283 , 44.6994
661.521 , 19.6994
661.918 , 5.69936
662.165 , -14.3006
662.608 , -39.3006
662.866 , -39.3006
663.317 , -20.3006
663.584 , -5.30064
664.036 , 0.699365
664.266 , 3.69936
664.69 , 8.69936
664.958 , 1.69936
665.372 , -1.30064
665.644 , 1.69936
666.046 , 25.6994
666.242 , 25.6994
666.666 , 24.6994
666.902 , 10.6994
667.318 , -1.30064
667.615 , 11.6994
668.053 , 5.69936
668.348 , 6.69936
668.782 , -5.30064
669.045 , -8.30064
669.42 , -5.30064
669.692 , -8.30064
670.111 , -6.30064
670.379 , -0.300635
670.788 , -1.30064
671.041 , 0.699365
671.459 , 9.69936
671.686 , 22.6994
672.08 , 30.6994
672.338 , 32.6994
672.779 , 13.6994
673 , 4.69936
673.404 , -12.3006
673.652 , -15.3006
674.043 , 3.69936
674.315 , 14.6994
674.727 , 26.6994
674.966 , 27.6994
675.388 , 18.6994
675.623 , 0.699365
676 , -38.3006
676.233 , -38.3006
676.668 , -21.3006
676.887 , -6.30064
677.325 , 0.699365
677.519 , -5.30064
677.931 , 31.6994
678.148 , 51.6994
678.526 , 51.6994
678.716 , 31.6994
679.146 , -35.3006
679.392 , -29.3006
679.844 , -30.3006
680.032 , -22.3006
680.469 , 3.69936
680.683 , 10.6994
681.077 , 22.6994
681.277 , 30.6994
681.716 , 27.6994
681.926 , 11.6994
682.321 , -65.3006
682.524 , -63.3006
682.937 , -13.3006
683.103 , 13.6994
683.453 , 30.6994
683.653 , 9.69936
684.03 , -30.3006
684.264 , -34.3006
684.636 , -16.3006
684.851 , 29.6994
685.273 , 71.6994
685.472 , 49.6994
685.82 , 27.6994
686.047 , 0.699365
686.169 , -9.30064
686.36 , -9.30064
686.781 , -35.3006
686.972 , -26.3006
687.37 , -31.3006
687.536 , -8.30064
687.955 , 18.6994
688.149 , 10.6994
688.558 , 17.6994
688.753 , 11.6994
689.173 , 14.6994
689.376 , 21.6994
689.765 , 16.6994
689.947 , 8.69936
690.316 , -0.300635
690.576 , -5.30064
690.984 , -16.3006
691.197 , -4.30064
691.633 , -2.30064
691.844 , -15.3006
692.232 , -51.3006
692.423 , -51.3006
692.793 , 1.69936
693.044 , 12.6994
693.456 , 33.6994
693.687 , 29.6994
694.105 , 6.69936
694.346 , -5.30064
694.768 , -5.30064
695.002 , 12.6994
695.417 , 6.69936
695.662 , -1.30064
696.084 , -24.3006
696.291 , -5.30064
696.695 , 30.6994
696.95 , 12.6994
697.349 , -7.30064
697.553 , -1.30064
697.951 , 0.699365
698.213 , 8.69936
698.607 , 10.6994
698.834 , 3.69936
699.245 , -32.3006
699.507 , -33.3006
699.892 , 1.69936
700.179 , 14.6994
700.612 , 25.6994
700.882 , 27.6994
701.283 , 11.6994
701.521 , 9.69936
701.918 , -3.30064
702.165 , -11.3006
702.608 , -14.3006
702.866 , -16.3006
703.317 , -2.30064
703.584 , 1.69936
704.036 , -5.30064
704.266 , 1.69936
704.69 , 17.6994
704.958 , 13.6994
705.372 , 5.69936
705.644 , 6.69936
706.046 , 3.69936
706.242 , 2.69936
706.666 , -31.3006
706.902 , -31.3006
707.318 , -0.300635
707.615 , 19.6994
708.053 , -4.30064
708.348 , -2.30064
708.782 , 6.69936
709.045 , 5.69936
709.42 , -4.30064
709.692 , 6.69936
710.111 , 29.6994
710.379 , 27.6994
710.788 , -13.3006
711.041 , -14.3006
711.459 , 0.699365
711.686 , 6.69936
712.08 , -13.3006
712.338 , -15.3006
712.779 , -1.30064
713 , 11.6994
713.404 , 13.6994
713.652 , 13.6994
714.043 , 23.6994
714.315 , 20.6994
714.727 , 7.69936
714.966 , 4.69936
715.388 , -22.3006
715.623 , -34.3006
716 , -42.3006
716.233 , -17.3006
716.668 , 18.6994
716.887 , 33.6994
717.325 , 61.6994
717.519 , 28.6994
717.931 , -7.30064
718.148 , -16.3006
718.526 , -28.3006
718.716 , -22.3006
719.146 , -15.3006
719.392 , 5.69936
719.844 , 28.6994
720.032 , 30.6994
720.469 , 27.6994
720.683 , 12.6994
721.077 , -5.30064
721.277 , -12.3006
721.716 , -14.3006
721.926 , -5.30064
722.321 , 7.69936
722.524 , 6.69936
722.937 , -2.30064
723.103 , -4.30064
723.453 , -12.3006
723.653 , -15.3006
724.03 , -2.30064
724.264 , 5.69936
724.636 , 20.6994
724.851 , 26.6994
725.273 , 40.6994
725.472 , 23.6994
725.82 , 13.6994
726.047 , -3.30064
726.169 , -41.3006
726.36 , -18.3006
726.781 , 18.6994
726.972 , 18.6994
727.37 , 8.69936
727.536 , -1.30064
727.955 , -72.3006
728.149 , -22.3006
728.558 , 5.69936
728.753 , 6.69936
729.173 , 14.6994
729.376 , 13.6994
729.765 , -0.300635
729.947 , 5.69936
730.316 , 17.6994
730.576 , 21.6994
730.984 , 27.6994
731.197 , 17.6994
731.633 , -14.3006
731.844 , -11.3006
732.232 , -43.3006
732.423 , -26.3006
732.793 , -1.30064
733.044 , 0.699365
733.456 , -3.30064
733.687 , 1.69936
734.105 , 4.69936
734.346 , 2.69936
734.768 , -2.30064
735.002 , 5.69936
735.417 , 9.69936
735.662 , 15.6994
736.084 , 60.6994
736.291 , 41.6994
736.695 , 2.69936
736.95 , -3.30064
737.349 , -11.3006
737.553 , -13.3006
737.951 , -41.3006
738.213 , -35.3006
738.607 , -12.3006
738.834 , -3.30064
739.245 , 10.6994
739.507 , -2.30064
739.892 , 0.699365
740.179 , 5.69936
740.612 , 19.6994
740.882 , 26.6994
741.283 , 38.6994
741.521 , 7.69936
741.918 , -30.3006
742.165 , -30.3006
742.608 , -9.30064
742.866 , -6.30064
743.317 , 8.69936
743.584 , 9.69936
744.036 , -3.30064
744.266 , -1.30064
744.69 , -0.300635
744.958 , -9.30064
745.372 , -26.3006
745.644 , -16.3006
746.046 , 8.69936
746.242 , 9.69936
746.666 , 6.69936
746.902 , -4.30064
747.318 , 0.699365
747.615 , 14.6994
748.053 , 6.69936
748.348 , 13.6994
748.782 , 17.6994
749.045 , 15.6994
749.42 , 12.6994
749.692 , 7.69936
750.111 , 11.6994
750.379 , 25.6994
750.788 , 13.6994
751.041 , -25.3006
751.459 , -71.3006
751.686 , -45.3006
752.08 , -21.3006
752.338 , -7.30064
752.779 , 6.69936
753 , 25.6994
753.404 , 32.6994
753.652 , 25.6994
754.043 , 9.69936
754.315 , 2.69936
754.727 , 6.69936
754.966 , 28.6994
755.388 , 10.6994
755.623 , -15.3006
756 , -39.3006
756.233 , -4.30064
756.668 , 13.6994
756.887 , 17.6994
757.325 , 23.6994
757.519 , 12.6994
757.931 , 19.6994
758.148 , 9.69936
758.526 , -9.30064
758.716 , -7.30064
759.146 , -15.3006
759.392 , -4.30064
759.844 , -18.3006
760.032 , -13.3006
760.469 , -1.30064
760.683 , 1.69936
761.077 , 12.6994
761.277 , 14.6994
761.716 , 12.6994
761.926 , 9.69936
762.321 , 16.6994
762.524 , 26.6994
762.937 , 25.6994
763.103 , 13.6994
763.453 , -19.3006
763.653 , -26.3006
764.03 , 4.69936
764.264 , 22.6994
764.636 , 18.6994
764.851 , 8.69936
765.273 , -27.3006
765.472 , -25.3006
765.82 , -32.3006
766.047 , -18.3006
766.169 , 1.69936
766.36 , 6.69936
766.781 , 11.6994
766.972 , 10.6994
767.37 , 4.69936
767.536 , 9.69936
767.955 , 9.69936
768.149 , 4.69936
768.558 , 3.69936
768.753 , -0.300635
769.173 , -11.3006
769.376 , -6.30064
769.765 , -13.3006
769.947 , -3.30064
770.316 , 8.69936
770.576 , 9.69936
770.984 , 11.6994
771.197 , 16.6994
771.633 , 22.6994
771.844 , 25.6994
772.232 , -2.30064
772.423 , -15.3006
772.793 , -29.3006
773.044 , -10.3006
773.456 , 6.69936
773.687 , 5.69936
774.105 , -19.3006
774.346 , -20.3006
774.768 , 0.699365
775.002 , 17.6994
775.417 , 12.6994
775.662 , 5.69936
776.084 , 16.6994
776.291 , 17.6994
776.695 , 10.6994
776.95 , 2.69936
777.349 , -9.30064
777.553 , -1.30064
777.951 , 2.69936
778.213 , 1.69936
778.607 , -15.3006
778.834 , -14.3006
779.245 , 2.69936
779.507 , 2.69936
779.892 , -5.30064
780.179 , -8.30064
780.612 , 3.69936
780.882 , 13.6994
781.283 , 37.6994
781.521 , 12.6994
781.918 , -28.3006
782.165 , -22.3006
782.608 , -13.3006
782.866 , -16.3006
783.317 , -10.3006
783.584 , -0.300635
784.036 , 5.69936
784.266 , 12.6994
784.69 , 29.6994
784.958 , 14.6994
785.372 , 5.69936
785.644 , -0.300635
786.046 , -14.3006
786.242 , -7.30064
786.666 , 6.69936
786.902 , -2.30064
787.318 , -37.3006
787.615 , -14.3006
788.053 , -6.30064
788.348 , -1.30064
788.782 , -6.30064
789.045 , -1.30064
789.42 , 22.6994
789.692 , 33.6994
790.111 , 18.6994
790.379 , 12.6994
790.788 , 4.69936
791.041 , 6.69936
791.459 , 5.69936
791.686 , 7.69936
792.08 , -0.300635
792.338 , -4.30064
792.779 , -10.3006
793 , 14.6994
793.404 , 22.6994
793.652 , 15.6994
794.043 , 15.6994
794.315 , 11.6994
794.727 , -12.3006
794.966 , -26.3006
795.388 , -21.3006
795.623 , 1.69936
796 , 17.6994
796.233 , 7.69936
796.668 , -16.3006
796.887 , 0.699365
797.325 , 57.6994
797.519 , 51.6994
797.931 , 20.6994
798.148 , 1.69936
798.526 , -17.3006
798.716 , 4.69936
799.146 , 2.69936
799.392 , -0.300635
799.844 , -19.3006
800.032 , -8.30064
800.469 , 16.6994
800.683 , 10.6994
801.077 , -2.30064
801.277 , -11.3006
801.716 , -4.30064
801.926 , 9.69936
802.321 , 17.6994
802.524 , 9.69936
802.937 , -1.30064
803.103 , 4.69936
803.453 , 10.6994
803.653 , 0.699365
804.03 , -0.300635
804.264 , 1.69936
804.636 , 13.6994
804.851 , 21.6994
805.273 , 10.6994
805.472 , -6.30064
805.82 , -7.30064
806.047 , 3.69936
806.169 , 13.6994
806.36 , 21.6994
806.781 , 4.69936
806.972 , 0.699365
807.37 , -9.30064
807.536 , 1.69936
807.955 , 4.69936
808.149 , 1.69936
808.558 , -6.30064
808.753 , -7.30064
809.173 , 12.6994
809.376 , 11.6994
809.765 , 1.69936
809.947 , 2.69936
810.316 , 5.69936
810.576 , 10.6994
810.984 , 30.6994
811.197 , 16.6994
811.633 , 8.69936
811.844 , 10.6994
812.232 , -9.30064
812.423 , -12.3006
812.793 , 1.69936
813.044 , 3.69936
813.456 , 4.69936
813.687 , 8.69936
814.105 , 12.6994
814.346 , 12.6994
814.768 , 1.69936
815.002 , 4.69936
815.417 , 3.69936
815.662 , 8.69936
816.084 , -3.30064
816.291 , -12.3006
816.695 , -9.30064
816.95 , -0.300635
817.349 , -1.30064
817.553 , 0.699365
817.951 , 2.69936
818.213 , 10.6994
818.607 , 7.69936
818.834 , 6.69936
819.245 , 12.6994
819.507 , 0.699365
819.892 , -12.3006
820.179 , -12.3006
820.612 , 1.69936
820.882 , 16.6994
821.283 , 55.6994
821.521 , 27.6994
821.918 , -3.30064
822.165 , -6.30064
822.608 , 1.69936
822.866 , -1.30064
823.317 , -1.30064
823.584 , -1.30064
824.036 , -12.3006
824.266 , -12.3006
824.69 , -14.3006
824.958 , -0.300635
825.372 , 20.6994
825.644 , 20.6994
826.046 , 19.6994
826.242 , 13.6994
